01000000 01100010 01100100 00010001 11001001 10000000 1000011
01000000 01100010 01100100 00000001 11001001 10000000 0000011
01000000 01100010 01100100 00000001 11101001 00000000 0000011

01000000 01100010 01100100 0000000 Humidity: 540094976% /  Temperature: 429496682 C  773094060 F
01000000 01100010 01100100 0000000 Humidi





11001100 01001000 01000100 11000011 00001001 10110111 11011011
CCIIIIII           B        HHHHHHH  TTTTTTT  TTTTTTT
11001100 01001000 01000100 00110110 00001001 00110011 11001010 
                            0110110					54
                                        1001  0110011			19



